1100
1171
1301
1315
1316
1331
1332
1371
1372
1801
1802
1803
1804
1805
2050
2051
2110
2200
2261
2316
2335
2340
2345
2600
2698
2699
2701
2801
2802
2803
2804
2805
3001
3101
3210
3220
3240
3251
3300
3311
3312
3451
3510
3511
3600
3630
3651
3743
3744
3750
3751
3790
3801
3802
3803
3804
3805
3873
4001
4002
4003
4005
4010
4052
4057
4210
4220
4233
4235
4237
4238
4239
4240
4245
4251
4255
4260
4261
4262
4263
4270
4280
4290
4320
4330
4342
4365
4392
4400
4420
4423
4432
4440
4452
4455
4460
4464
4470
4472
4475
4476
4480
4488
4495
4496
4497
4510
4520
4530
4540
4550
4560
4590
4605
4611
4613
4615
4616
4622
4625
4632
4635
4641
4644
4646
4649
4650
4660
4665
4670
4675
4685
4690
4698
4699
4710
4723
4725
4726
4731
4741
4742
4745
4752
4770
4791
4792
4793
4795
4801
4802
4803
4804
4805
4816
4851
4853
4854
4863
4873
4883
4893
4901
4902
4903
4911
4912
4980
6010
6035
6150
6200
6210
6211
6220
6230
6235
6238
6241
6245
6246
6250
6255
6260
6262
6263
6264
6265
6266
6269
6280
6290
6291
6300
6301
6310
6320
6330
6340
6365
6390
6400
6402
6411
6421
6422
6423
6430
6440
6451
6452
6454
6455
6456
6457
6460
6461
6465
6470
6471
6474
6475
6476
6480
6485
6491
6492
6497
6505
6515
6520
6550
6601
6603
6670
6675
6705
6725
6726
6727
6730
6745
6747
6750
6753
6754
6755
6763
6764
6770
6780
6795
6998
6999
7000
7001
7110
7210
7230
7250
7260
7270
7280
7290
7292
7450
7451
7455
7460
7465
7467
7470
7476
7490
7491
7492
7495
7496
7497
7499
7510
7520
7525
7530
7535
7540
7545
7560
7610
7611
7612
7613
7615
7616
7620
7626
7630
7631
7632
7633
7634
7636
7637
7638
7639
7640
7641
7642
7643
7644
7645
7646
7647
7648
7649
7650
7651
7695
7697
7741
7742
7743
7750
7751
7785
7790
7999
